49,24,29,88,79,75,100,73,87,13,1,21,74,48,55,61,33,35,69,32,38,100,91,33,81,44,45,42,61,70,72,96,30,70,9,37,66,19,73,34,50,17,100,13,63,11,88,57,95,1,51,15,2,32,20,39,68,41,57,76,76,85,10,25,100,66,84,92,27,83,72,17,56,17,39,66,30,26,67,70,64,32,31,58,57,42,74,77,24,56,19,74,100,53,89,68,53,74,63,15
54,28,72,89,9,27,74,55,3,50,66,8,88,93,28,22,9,84,78,82,15,19,44,75,82,1,71,27,58,23,10,47,54,30,83,85,54,11,3,59,70,80,15,55,67,33,16,55,33,47,40,44,85,58,9,16,30,5,47,9,41,68,79,17,16,90,28,36,90,93,48,24,5,93,86,67,41,60,56,53,75,41,21,53,32,66,99,9,48,87,94,76,52,27,11,30,59,68,30,84
20,14,33,35,38,25,6,64,62,84,76,59,27,55,16,68,34,63,83,11,17,47,66,23,18,22,99,74,97,80,92,71,18,20,18,28,96,95,27,81,16,7,37,34,66,73,19,98,94,12,39,46,78,13,55,65,33,32,90,52,32,93,71,65,48,46,66,7,6,83,29,17,17,11,36,51,51,25,96,63,91,52,85,26,11,42,41,69,6,23,66,7,39,20,94,15,23,100,69,14
92,18,68,96,77,17,1,27,20,58,7,27,86,53,89,33,85,25,43,22,17,57,47,96,70,39,36,54,7,77,79,50,54,33,57,44,70,13,97,17,45,10,2,7,92,37,93,12,27,72,89,32,29,67,17,4,72,88,12,87,44,98,39,2,48,87,17,20,45,12,12,57,59,15,86,4,79,34,90,63,100,29,70,81,6,94,89,91,85,81,70,78,55,18,38,97,69,44,43,69
29,38,84,31,20,61,84,60,87,28,34,59,83,85,19,64,9,48,51,45,60,66,12,2,67,73,12,38,72,35,16,37,22,94,82,32,47,34,3,60,17,44,52,9,61,52,79,64,85,67,74,93,71,19,1,7,19,94,11,66,36,6,91,2,43,76,30,51,90,18,54,16,51,64,43,77,10,67,13,73,98,48,35,76,98,72,20,16,60,15,81,2,8,19,17,58,34,71,74,95
96,99,5,94,36,62,34,87,93,37,50,4,88,18,44,36,14,100,64,39,86,82,35,82,100,77,27,39,91,24,43,62,69,67,95,13,30,81,80,95,41,2,62,41,6,26,16,15,66,56,77,73,92,18,55,54,45,43,40,7,47,3,13,42,49,45,38,40,92,80,55,68,100,27,24,79,21,6,46,5,48,3,67,71,10,96,67,94,28,58,38,35,84,30,2,21,69,87,64,46
69,86,97,17,22,93,27,93,85,54,32,90,6,28,37,16,29,73,73,78,5,78,30,20,39,25,100,22,20,71,96,66,39,76,65,65,43,15,79,44,60,18,15,74,42,58,94,22,64,57,49,64,95,82,64,92,37,87,70,93,42,71,47,33,100,61,65,91,16,38,83,90,98,1,73,83,3,99,31,81,48,14,39,83,66,92,49,95,97,39,25,67,26,38,37,27,98,7,92,12
62,74,14,96,1,96,11,96,4,94,68,18,26,16,89,9,83,3,42,48,60,30,1,26,74,4,84,85,90,41,19,22,23,98,20,70,40,55,10,27,85,99,11,85,48,47,7,4,30,47,41,95,27,6,40,17,22,49,89,4,95,64,53,35,9,71,57,25,59,90,70,68,77,86,10,39,69,91,13,40,7,12,55,34,38,19,47,44,9,66,33,59,18,64,43,10,71,19,27,7
55,59,14,88,20,81,19,7,53,29,81,73,86,79,81,74,56,56,36,80,25,19,17,45,8,96,76,8,83,95,28,56,58,43,9,94,11,87,72,94,91,55,96,41,29,74,39,78,66,38,88,74,16,59,57,13,54,91,5,100,95,47,62,25,2,24,52,24,45,63,71,66,24,31,16,36,74,80,33,17,31,52,15,49,56,67,39,25,5,55,98,80,48,39,43,68,60,1,1,78
78,24,66,51,46,62,39,95,37,64,68,12,96,62,1,84,33,64,33,3,22,85,88,59,8,54,77,37,67,66,6,96,14,31,37,78,48,95,5,18,15,92,91,70,28,11,70,26,98,4,25,53,38,71,9,2,84,26,30,70,47,56,6,41,99,46,7,2,98,25,19,42,74,91,91,34,15,9,37,90,93,94,67,99,85,10,15,8,62,39,25,9,24,47,2,95,18,87,73,1
24,25,34,2,69,89,84,50,8,4,94,48,14,64,59,37,78,38,47,100,73,66,74,60,54,17,98,11,66,11,15,89,29,86,99,33,78,46,7,100,57,98,81,44,59,98,3,79,71,87,2,65,23,91,51,77,48,53,96,87,38,10,3,5,96,5,78,46,78,82,33,66,67,46,58,71,31,93,86,90,69,36,48,95,80,99,82,86,97,16,40,8,31,76,31,16,85,57,81,61
12,2,98,78,47,52,77,7,25,76,64,75,31,74,41,13,88,26,67,29,19,61,7,97,39,37,89,92,54,79,9,98,8,40,29,61,48,27,79,73,39,13,9,22,54,42,89,61,36,97,10,74,3,29,9,73,64,25,77,17,34,82,12,95,79,62,4,70,96,55,17,40,63,33,69,39,34,56,19,85,29,95,44,16,73,75,12,60,13,23,3,50,50,26,28,67,49,9,38,36
36,82,67,36,13,47,99,16,6,19,58,54,6,12,4,8,58,56,65,77,11,48,15,48,38,28,65,5,15,70,72,64,39,74,23,15,32,19,78,53,31,1,3,72,36,80,92,3,75,91,81,88,19,86,26,86,20,84,6,70,49,38,56,4,8,2,69,71,24,21,75,59,86,100,8,4,19,30,10,60,44,31,78,100,58,22,82,58,38,32,78,18,85,69,87,79,26,43,32,40
10,72,92,85,81,25,72,30,24,51,100,64,55,98,44,90,56,76,35,4,46,62,94,63,98,59,91,23,62,11,8,41,88,65,14,1,39,70,99,29,75,2,84,42,55,44,44,91,30,76,99,87,25,41,18,25,100,53,3,85,86,92,61,54,42,63,90,46,7,87,57,82,55,82,36,46,69,2,2,42,37,23,11,63,39,62,83,36,28,11,45,9,83,5,72,91,21,6,90,40
39,78,15,44,8,76,35,17,94,60,6,96,44,13,42,24,72,10,59,88,20,38,89,62,72,65,82,36,38,21,53,45,62,87,91,43,71,13,95,13,98,98,15,92,10,82,23,38,48,29,50,23,100,100,4,62,1,35,93,23,7,84,79,53,36,20,38,10,23,23,75,69,91,30,36,28,57,42,80,56,51,11,70,9,88,34,27,87,13,35,12,22,6,46,23,51,92,21,47,42
98,30,11,61,13,60,54,74,81,24,9,25,20,91,89,77,34,42,85,75,38,87,33,62,35,12,61,90,44,94,78,1,37,40,44,90,90,16,74,14,36,37,93,65,29,49,61,42,76,33,43,31,66,62,88,5,62,26,38,13,53,60,96,9,99,51,63,65,79,61,29,97,2,88,12,34,55,100,26,55,16,61,7,45,75,64,10,7,39,38,100,56,15,80,32,39,78,15,93,83
62,80,94,38,88,1,75,88,4,49,97,63,21,8,23,49,94,50,18,11,19,49,47,38,25,4,86,49,60,21,8,34,65,100,57,16,76,71,96,75,51,45,94,39,50,54,93,93,55,48,70,41,12,97,6,12,83,17,2,6,33,10,20,24,94,48,70,63,97,25,10,30,59,32,50,6,94,68,36,72,45,56,59,31,7,52,56,21,32,29,68,9,26,57,98,76,81,47,68,73
58,51,74,73,69,66,93,86,97,93,41,75,10,88,98,80,12,86,30,87,89,47,72,70,76,49,16,21,88,5,67,77,62,32,2,32,14,41,13,35,80,44,11,36,56,2,64,46,81,57,22,20,83,4,47,35,42,60,51,64,35,24,47,39,2,72,79,15,23,91,59,2,29,96,44,54,4,55,81,38,92,61,38,45,5,79,84,91,86,94,45,8,89,61,95,46,13,81,13,91
45,12,3,32,52,96,13,68,94,37,69,86,1,61,51,31,80,60,5,83,22,31,43,31,89,16,33,32,12,55,44,65,34,5,48,97,12,25,67,38,69,21,88,17,43,61,6,97,16,61,8,20,74,19,61,48,90,82,95,8,74,3,92,43,48,70,64,21,89,64,9,42,75,93,24,39,67,78,57,25,9,80,36,28,86,51,68,20,80,99,16,94,25,76,78,58,34,12,46,79
45,88,11,95,62,50,23,80,5,7,41,68,19,85,83,51,33,64,80,1,55,56,54,38,35,93,51,90,99,1,40,45,17,35,84,97,10,30,39,41,27,48,41,58,52,23,100,20,21,24,47,15,72,12,36,8,52,85,94,78,84,16,42,78,90,73,70,67,95,15,78,86,22,50,20,100,78,32,79,67,38,3,72,24,59,17,26,14,63,92,32,51,38,68,84,33,34,39,34,33
41,21,11,85,84,61,33,11,33,61,100,97,66,72,21,81,12,6,80,67,17,58,96,76,8,42,40,1,86,58,61,95,95,84,6,86,28,54,54,84,63,70,14,70,40,70,30,79,77,58,39,86,56,19,45,69,97,85,6,56,71,89,30,86,15,45,81,33,19,24,72,99,6,50,26,53,65,69,49,4,6,99,70,96,67,51,28,78,56,27,54,99,31,74,6,27,23,85,81,21
90,30,29,78,2,72,34,53,72,18,84,1,60,96,20,76,55,49,40,64,45,15,50,51,56,41,29,18,45,45,100,98,51,83,33,90,5,17,94,62,29,45,80,61,15,52,25,84,30,37,25,94,39,88,80,53,61,24,92,10,16,12,26,95,25,33,38,29,63,79,3,82,29,100,10,89,99,37,45,39,83,9,80,85,59,83,28,72,24,7,44,72,43,37,15,74,100,44,53,66
42,30,87,30,53,7,87,6,4,64,25,8,95,20,89,87,66,13,32,22,83,73,82,62,42,16,89,77,84,85,13,50,96,33,39,34,17,2,90,18,14,42,14,95,89,20,39,78,50,28,77,78,35,62,82,52,67,51,51,73,98,86,84,12,14,55,5,42,87,88,21,19,14,40,27,82,96,8,34,79,81,91,59,89,26,43,73,47,24,34,90,72,13,90,51,1,23,100,10,11
69,88,11,88,39,19,68,82,25,36,42,57,65,8,74,56,62,68,100,44,48,21,74,41,23,88,31,18,30,60,20,45,47,92,73,88,97,1,23,10,76,24,49,76,36,84,27,39,64,99,97,16,9,76,31,95,93,67,20,43,56,87,70,19,71,86,11,86,31,56,68,4,46,95,20,33,76,92,6,35,85,24,46,93,69,16,75,36,31,89,16,30,78,98,68,65,28,37,46,89
4,17,58,38,6,88,2,35,31,70,37,34,45,9,76,80,76,77,56,94,88,28,16,20,48,88,83,51,52,6,89,80,94,63,97,27,18,51,9,25,65,87,76,21,59,10,23,95,43,65,10,73,22,55,25,14,45,10,62,68,48,90,1,11,34,92,55,31,18,90,46,61,23,10,42,27,10,11,70,57,67,81,19,96,90,68,36,14,23,1,51,95,21,2,18,21,35,78,97,59
18,73,93,80,72,79,52,83,84,6,80,61,38,97,41,95,17,13,2,46,66,70,80,51,50,10,19,30,76,69,7,13,80,8,98,79,47,92,22,9,52,95,96,62,59,28,37,55,20,40,78,20,9,20,39,66,64,55,88,81,40,2,64,46,11,63,85,76,73,95,50,74,56,39,2,28,47,75,2,32,97,62,17,7,39,28,96,12,17,15,73,41,80,55,40,66,37,67,45,79
10,81,98,82,78,94,52,73,53,33,4,13,1,97,73,75,78,72,86,12,55,20,2,48,61,34,86,88,39,13,9,83,50,68,63,56,73,95,69,18,70,32,95,71,63,45,18,55,7,12,19,46,76,77,17,85,22,30,42,89,9,80,82,21,23,52,54,55,59,30,36,5,8,74,20,76,11,79,43,100,60,28,88,91,32,38,96,49,90,29,73,10,86,71,92,28,55,15,16,60
13,75,91,100,72,31,40,34,12,62,80,59,22,94,42,7,78,69,60,68,52,43,73,14,29,70,30,83,27,95,59,75,2,36,86,7,50,35,44,19,45,98,33,86,61,58,77,30,11,31,1,86,7,18,76,35,57,39,94,67,28,19,67,29,86,54,91,78,46,50,62,80,10,75,27,98,38,36,89,3,88,66,43,87,16,40,60,93,78,14,81,5,1,93,97,86,55,10,59,18
19,80,6,5,12,86,93,22,14,99,4,87,45,69,99,20,86,4,87,98,43,21,50,47,54,18,4,100,27,4,4,59,25,16,29,61,57,55,49,30,18,89,93,50,71,11,59,75,44,5,42,14,59,87,7,7,11,54,54,83,37,4,34,35,79,17,9,79,46,40,46,40,33,18,60,65,7,3,1,28,6,89,42,2,68,14,72,23,88,5,70,40,83,4,77,40,11,98,96,9
47,70,42,24,33,82,100,34,41,46,2,14,34,14,54,75,55,93,78,44,82,14,34,48,52,35,38,38,59,71,11,31,44,5,38,76,76,35,73,63,96,83,63,87,73,12,32,12,39,39,15,62,29,84,10,2,30,43,85,97,80,17,96,62,19,14,87,95,12,95,30,6,63,37,12,86,92,2,51,51,3,39,51,25,54,97,90,9,81,91,55,60,29,92,8,73,49,15,85,83
18,78,32,44,87,84,56,46,16,26,45,37,15,65,43,11,60,54,11,24,65,82,76,5,48,37,39,51,45,77,40,59,89,82,24,96,97,51,32,77,3,65,65,69,42,2,91,17,26,73,54,64,53,75,94,1,55,24,77,75,2,55,54,66,40,60,86,12,1,94,84,63,76,67,16,86,60,34,76,37,21,87,56,93,82,97,12,51,9,97,14,2,11,58,43,29,38,36,9,16
53,37,43,85,68,44,58,53,95,4,84,9,9,41,8,98,27,21,40,89,19,33,71,10,59,35,86,75,45,71,54,58,92,89,99,7,40,9,84,52,58,84,62,13,19,43,90,100,65,78,56,76,98,73,59,30,19,3,65,59,23,77,57,98,26,61,89,87,91,74,35,17,45,63,43,56,99,73,68,23,58,92,43,47,52,2,44,31,17,43,45,31,42,15,18,40,54,18,86,7
68,91,92,39,24,55,24,41,13,57,80,19,1,71,85,78,50,58,98,96,100,49,45,32,40,92,93,40,98,40,22,21,63,2,1,22,66,28,82,69,100,5,5,94,3,31,44,7,65,11,70,26,69,53,86,22,28,3,93,96,69,78,12,43,60,65,8,85,16,36,98,33,24,73,5,26,92,91,19,39,78,92,80,45,19,51,85,78,3,16,50,35,17,31,27,28,77,78,95,59
87,56,29,13,3,92,80,76,23,5,94,62,80,23,66,100,100,69,52,40,49,7,83,100,93,18,26,94,80,90,39,6,47,25,70,75,6,38,31,31,17,60,68,1,41,28,8,76,63,92,88,55,41,92,39,31,24,28,70,22,4,35,51,84,67,7,35,30,85,34,41,27,57,68,48,38,51,48,100,81,88,89,42,8,78,20,63,1,33,99,70,69,6,25,42,57,58,76,100,47
76,86,58,92,27,60,24,3,3,94,21,93,30,100,37,32,14,27,40,77,51,9,82,62,68,20,58,43,22,47,92,23,83,6,38,68,90,79,82,30,51,100,97,17,87,66,65,44,4,69,2,94,11,29,37,60,55,70,23,21,79,71,82,19,8,7,23,24,48,79,53,55,22,5,96,55,5,6,90,79,9,22,22,51,91,86,83,26,21,70,53,34,77,5,24,38,17,21,82,47
99,96,81,19,75,1,58,38,90,46,87,74,72,11,70,74,34,44,56,11,77,32,82,76,30,97,33,5,95,62,37,99,37,36,72,57,89,15,3,39,41,26,93,64,88,77,84,15,25,12,69,96,42,12,30,57,56,33,71,99,67,34,64,40,40,61,85,48,32,80,52,86,28,30,90,5,70,41,70,66,86,2,66,39,57,86,8,67,53,69,23,13,87,20,18,13,20,89,25,91
22,81,72,60,44,28,62,19,73,87,26,1,45,82,28,82,2,79,98,23,68,32,51,28,97,47,48,16,6,14,55,81,67,38,13,15,100,40,84,31,94,11,42,21,81,92,91,6,72,76,99,61,55,36,9,22,63,76,24,52,76,62,14,57,24,41,14,20,13,36,58,44,18,49,92,34,8,34,11,36,94,10,94,35,60,58,98,20,4,40,48,54,80,30,44,16,4,45,27,16
18,42,91,82,96,14,46,38,21,93,6,46,30,69,15,42,82,93,45,11,73,34,17,54,2,74,75,37,3,84,19,5,35,71,8,97,39,93,49,42,50,25,33,69,55,48,63,97,74,75,99,82,24,12,65,40,1,80,55,24,52,46,54,96,95,44,89,92,68,34,90,58,78,35,22,81,54,31,88,34,54,72,21,1,62,32,72,100,16,100,5,91,30,99,23,71,50,44,11,80
93,61,6,27,9,71,76,34,35,69,97,56,27,40,31,45,73,40,87,3,23,66,59,3,23,9,68,6,21,45,35,55,13,45,57,100,35,25,11,46,71,33,13,56,69,88,43,23,89,82,46,32,1,61,94,34,19,6,38,39,100,22,96,5,36,8,20,32,92,41,38,14,9,8,63,50,64,30,91,6,6,31,80,77,66,39,97,76,61,91,82,29,87,98,95,27,12,69,29,68
90,53,87,99,2,5,57,2,60,36,7,37,28,90,12,58,81,40,15,52,39,43,91,83,83,22,7,85,30,93,86,27,47,88,90,31,71,74,58,24,37,56,75,79,68,9,1,39,54,60,35,28,55,36,55,75,48,1,64,22,18,44,8,7,30,41,85,11,35,56,97,59,55,34,2,26,85,98,91,87,89,22,40,98,14,77,35,33,58,15,20,53,74,51,38,84,56,12,17,92
38,61,1,45,62,44,78,69,62,81,23,3,8,39,99,77,41,67,10,26,35,84,29,25,78,58,91,89,37,78,97,51,5,21,62,6,62,31,16,92,35,30,32,28,82,68,98,15,20,57,99,43,88,58,67,37,2,73,99,30,44,64,44,91,10,12,21,44,21,71,36,68,74,13,79,29,63,58,57,8,16,12,51,37,26,69,60,55,55,44,53,80,7,59,36,18,37,56,74,57
14,18,72,23,22,69,74,68,7,58,4,68,80,45,82,62,82,96,35,4,85,88,36,66,31,33,73,6,86,22,54,59,55,11,81,97,86,48,92,83,94,71,3,25,14,74,54,59,78,83,49,75,38,62,93,43,48,67,78,69,64,84,79,70,65,100,68,54,58,83,19,84,66,15,1,82,8,24,41,69,80,37,92,44,70,13,49,48,96,41,73,31,67,74,100,68,42,98,45,21
15,52,72,19,76,56,97,84,18,69,13,68,31,88,47,32,70,92,8,75,98,55,33,63,87,96,45,21,95,15,89,5,97,24,4,43,95,66,73,96,73,44,73,94,17,39,35,44,62,97,32,47,83,73,58,58,8,59,72,63,68,71,17,86,50,71,22,5,55,47,57,64,66,38,77,60,30,92,11,58,31,34,41,88,39,62,84,22,64,94,6,2,8,100,33,25,31,61,75,26
1,50,18,70,72,18,77,44,18,59,69,38,6,89,39,81,92,37,55,55,29,34,73,16,93,60,18,9,7,12,75,88,19,62,62,22,99,69,15,83,83,85,69,15,71,66,60,11,94,5,39,99,16,56,92,59,26,92,85,11,92,18,70,78,27,47,7,56,38,19,70,22,69,76,34,40,89,4,55,44,66,61,64,10,56,69,8,80,61,40,43,75,10,96,90,65,37,66,100,63
81,85,87,88,41,9,57,64,86,91,3,44,34,21,70,77,65,57,97,89,98,55,70,76,76,13,42,58,41,23,14,49,5,60,37,32,91,44,21,24,49,25,52,23,36,2,90,1,50,17,2,85,61,45,93,3,59,17,27,29,91,58,44,96,74,13,43,60,9,98,52,91,12,87,11,12,74,56,45,49,88,2,41,96,20,77,47,64,5,80,8,29,52,1,37,34,30,67,83,38
83,58,16,77,25,19,60,67,58,90,86,54,87,80,11,25,67,81,29,57,61,26,28,34,45,28,1,44,95,23,1,20,45,54,15,94,4,3,50,61,57,83,81,57,63,60,46,40,36,84,51,33,84,35,29,10,16,98,47,61,7,78,82,39,95,76,31,28,42,26,71,41,36,86,91,100,60,68,64,68,15,9,18,53,79,23,21,77,23,1,52,93,74,90,1,47,88,44,58,36
92,18,92,27,53,37,60,36,21,46,29,6,16,70,3,51,2,90,9,97,19,37,87,24,55,15,55,9,23,23,80,99,40,66,13,98,9,42,30,55,73,83,90,67,83,34,70,89,82,2,13,18,33,7,95,51,42,22,37,87,64,76,56,43,97,97,59,42,65,47,91,89,61,14,78,1,63,94,22,21,87,56,87,33,63,23,70,74,36,53,57,1,29,25,77,71,65,51,50,3
35,13,24,99,80,94,97,32,68,19,43,24,31,63,20,15,87,93,15,76,47,85,9,72,88,72,57,78,5,45,52,91,98,76,4,9,37,85,67,78,67,26,100,29,26,12,92,30,33,66,31,86,41,45,82,92,90,4,62,82,49,26,79,27,83,87,25,50,13,4,88,58,35,87,13,26,76,99,64,37,87,97,89,50,23,2,74,13,74,72,30,48,99,9,43,36,76,23,24,77
46,66,69,5,78,70,45,69,10,33,66,43,54,41,27,13,19,42,17,95,13,87,7,33,98,76,7,74,1,31,24,63,67,31,41,97,11,92,11,88,25,74,41,53,87,67,12,69,98,86,26,87,42,23,53,25,86,23,31,38,29,35,27,50,19,88,75,62,69,14,27,2,82,60,96,68,25,18,97,76,75,77,51,71,9,59,9,69,53,23,87,14,58,90,14,31,82,56,16,24
65,22,64,35,38,17,70,3,1,3,93,15,54,15,99,67,27,21,54,74,70,8,97,52,60,85,39,15,22,82,71,37,74,30,98,62,40,58,77,37,31,67,24,23,96,55,23,74,38,37,1,11,58,73,82,66,55,71,64,49,73,74,53,1,79,18,23,84,84,9,93,55,12,60,34,63,23,1,70,11,67,35,23,20,99,74,40,75,71,29,74,29,94,90,86,75,82,60,72,67
68,45,16,68,44,78,24,94,57,1,30,99,80,5,21,8,19,21,47,27,76,95,63,44,59,17,51,62,68,59,66,93,11,52,90,81,74,85,30,82,49,79,14,57,46,18,49,91,10,73,78,77,13,75,70,7,47,36,78,78,51,29,65,88,46,29,1,90,86,79,19,86,42,92,61,43,29,13,89,64,94,92,93,57,65,87,93,36,50,81,67,54,24,27,48,79,39,82,61,75
98,75,29,6,99,42,78,63,36,81,97,85,7,25,6,21,54,1,27,9,48,2,78,80,89,43,87,80,14,88,87,90,50,73,60,94,88,36,17,72,96,76,44,37,33,40,80,73,3,39,67,14,11,27,88,2,15,71,89,22,68,45,19,33,13,86,1,49,61,19,24,23,80,6,58,64,78,17,93,76,40,95,21,62,73,8,44,20,80,90,97,34,85,75,2,54,5,82,52,73
62,67,20,6,90,71,17,14,44,25,78,93,85,18,9,86,52,99,68,69,69,8,15,55,80,81,75,83,71,74,35,6,93,92,40,8,33,86,26,70,65,100,85,50,16,50,45,65,53,94,40,61,15,1,57,53,49,59,68,16,81,84,20,20,39,47,93,26,81,33,54,64,88,71,99,4,42,58,95,65,45,34,68,16,62,44,24,58,21,82,89,82,46,40,94,22,3,22,85,82
93,30,94,57,74,34,8,94,28,80,9,88,94,27,36,60,71,93,13,82,72,76,32,92,52,21,75,37,39,71,34,9,68,33,2,96,91,90,98,24,69,78,69,44,82,44,17,68,10,48,51,80,44,79,68,66,57,11,22,25,69,99,16,29,7,100,4,16,73,30,14,72,36,50,99,45,11,57,52,67,22,26,48,96,98,81,23,27,95,66,93,53,7,69,38,39,88,71,29,75
93,78,55,66,23,56,32,47,51,80,18,40,76,96,84,68,79,78,26,16,22,38,1,14,55,66,85,81,37,86,30,24,43,23,78,25,65,63,21,14,95,89,31,94,81,64,89,74,92,53,62,22,48,99,3,40,35,65,20,98,12,62,99,96,92,29,54,63,71,11,23,34,82,37,46,33,42,76,18,60,80,45,85,21,26,51,28,40,66,99,72,19,8,1,87,61,91,89,51,65
100,36,96,24,7,100,33,94,27,21,20,38,12,61,3,97,26,80,59,32,15,21,56,91,64,30,24,7,97,14,2,34,32,12,70,22,42,40,91,30,100,36,38,95,69,16,3,90,73,4,14,4,69,61,76,39,42,74,42,55,96,18,26,65,98,36,20,86,94,95,26,6,13,100,38,80,92,12,83,75,88,75,3,88,29,41,82,33,25,68,9,89,79,85,88,81,32,27,11,10
27,10,22,63,9,67,18,98,1,50,10,3,13,61,14,81,92,56,36,49,49,84,93,28,34,69,34,10,9,13,28,86,100,33,5,11,83,26,17,13,42,81,18,85,23,93,36,94,46,23,29,81,36,36,18,37,18,87,77,67,34,7,38,28,70,75,17,90,19,21,32,46,35,96,4,86,57,74,5,47,73,10,46,24,56,47,45,28,28,21,26,6,11,80,3,10,77,85,33,100
95,73,65,54,27,89,25,29,93,86,91,78,31,26,19,76,33,72,53,71,100,86,45,95,33,31,97,81,26,46,86,2,76,5,74,54,99,100,48,39,77,98,36,11,34,88,87,45,28,81,84,4,31,97,56,76,84,3,79,68,32,69,48,31,25,55,70,16,91,44,14,87,47,52,72,93,80,54,13,15,13,79,42,46,96,37,92,1,10,15,35,54,99,28,88,77,65,81,66,42
12,72,79,52,16,36,100,54,50,63,5,36,38,79,96,80,18,7,34,60,89,78,35,7,15,95,15,55,42,29,16,26,33,33,82,26,38,64,94,97,45,24,26,83,6,27,74,36,84,12,87,75,5,88,54,62,68,16,60,62,67,23,31,45,68,58,67,60,93,6,17,78,46,68,26,30,31,47,94,32,10,28,5,91,26,57,45,32,69,21,90,64,50,85,88,88,83,37,88,8
87,9,41,71,37,44,62,2,23,22,92,20,66,2,100,28,23,7,3,6,4,35,52,56,73,24,11,90,71,68,56,73,38,11,7,84,49,76,14,23,68,43,39,29,17,51,66,94,6,45,6,34,95,44,31,24,19,53,17,7,15,67,72,90,9,8,79,84,73,68,28,35,39,1,41,91,10,60,29,85,10,13,93,59,54,56,42,67,94,10,72,89,75,31,11,84,86,74,77,75
11,74,84,38,69,74,49,16,89,98,13,69,85,13,96,42,14,61,41,98,95,97,9,2,37,70,91,19,75,24,7,9,57,59,49,10,62,88,79,29,10,100,20,53,40,50,50,96,56,68,50,42,8,16,71,93,62,23,19,47,28,85,48,33,97,9,53,82,38,12,35,75,7,50,83,10,8,99,95,66,20,95,97,4,59,19,60,51,58,63,27,76,36,15,96,92,28,57,82,100
90,9,17,62,11,100,25,36,13,54,36,22,78,65,96,28,58,25,51,58,90,33,77,15,61,14,12,84,4,21,85,87,74,89,100,80,41,47,67,73,69,62,45,11,90,5,10,7,60,47,84,20,95,66,96,39,71,85,86,36,66,74,63,38,67,20,80,80,71,44,21,63,43,54,57,40,56,37,69,39,45,82,24,28,49,68,45,88,92,68,13,38,8,70,42,41,12,32,48,55
64,90,21,31,89,48,98,78,54,84,24,12,70,91,23,22,65,1,13,58,22,57,39,86,1,45,75,7,79,61,97,17,41,90,39,57,63,28,74,15,29,2,9,46,67,41,27,35,31,3,92,95,24,17,55,38,3,44,52,61,55,90,21,78,12,90,58,88,19,84,8,73,100,31,58,68,36,28,68,92,32,13,38,26,49,65,8,8,64,32,76,85,83,21,92,89,61,33,29,60
61,89,35,10,47,34,72,33,18,82,57,95,48,39,27,29,25,77,62,58,99,23,15,64,14,65,73,61,32,62,31,46,62,54,71,1,61,48,18,85,24,96,27,31,33,38,47,2,37,70,81,14,9,32,26,33,53,30,47,62,29,25,40,66,9,68,52,41,95,10,88,68,81,86,31,16,81,33,38,53,65,74,66,22,30,82,45,97,98,19,81,50,25,19,54,48,16,40,46,16
47,57,25,67,54,61,70,56,97,56,58,86,40,77,39,69,60,43,97,61,26,59,39,83,97,9,13,7,42,100,24,29,98,76,22,54,81,3,37,77,26,6,48,62,83,17,52,40,100,23,98,47,73,15,3,91,26,58,1,31,98,89,18,1,4,61,39,84,23,79,16,49,55,7,29,7,5,89,87,16,75,24,31,68,19,27,91,14,64,92,27,14,6,38,25,4,6,11,29,64
52,85,35,3,9,78,18,39,95,43,31,87,55,89,88,44,37,99,9,14,63,32,28,70,73,52,99,24,9,99,94,55,86,42,50,22,60,23,71,82,97,97,44,36,25,85,60,61,62,22,58,86,76,17,76,47,51,35,76,84,58,5,59,9,58,6,59,63,61,41,80,58,81,54,28,11,63,78,56,70,34,12,94,56,24,80,51,60,81,12,80,47,6,72,79,96,38,28,36,55
55,13,99,39,14,39,48,76,50,30,78,13,60,8,96,56,72,8,31,4,52,71,30,14,92,25,21,22,35,73,85,98,39,3,6,59,28,55,42,90,79,42,3,62,91,66,48,15,82,9,7,25,90,26,1,51,98,86,52,18,73,50,28,25,84,51,50,21,3,65,95,81,46,1,71,10,34,24,31,79,82,24,19,21,49,32,17,38,88,98,43,12,71,43,61,56,94,4,62,29
70,21,63,8,4,21,81,99,17,81,2,23,6,36,64,21,34,13,53,42,50,8,2,67,73,38,25,26,13,83,78,15,28,21,4,47,47,40,25,89,71,86,16,86,30,52,42,41,61,55,9,44,61,49,27,80,82,29,45,1,88,59,10,27,77,31,56,38,79,62,36,45,59,67,25,40,1,66,85,85,26,82,72,99,67,72,20,40,96,21,89,29,43,30,21,29,21,67,42,66
57,5,60,30,28,39,11,45,72,99,27,85,92,97,28,61,48,97,45,28,25,10,24,47,50,59,49,60,31,37,51,87,84,23,49,69,44,76,89,2,99,89,67,86,63,73,52,8,6,60,98,100,49,43,56,14,86,45,98,22,67,95,27,12,100,25,86,71,30,2,6,28,100,54,56,99,93,4,79,46,62,20,11,3,5,92,53,79,32,92,78,41,70,68,38,40,43,91,93,100
21,70,58,22,77,7,80,8,76,51,94,81,49,57,10,79,23,88,94,69,7,19,47,93,64,100,30,70,95,15,59,49,50,56,30,25,36,84,70,56,70,49,59,55,81,9,16,62,6,8,45,93,33,90,14,21,90,77,36,54,53,64,84,50,61,78,70,3,36,59,93,73,74,45,33,57,20,98,98,9,86,88,32,66,96,71,92,54,61,67,27,8,85,34,7,32,51,38,33,51
38,30,41,73,94,44,87,11,48,20,84,28,8,85,21,7,43,25,73,99,17,20,15,89,49,4,72,93,78,79,59,60,48,8,7,94,92,56,69,78,21,10,19,64,4,93,25,34,44,19,90,5,47,29,45,20,30,39,20,35,26,48,76,48,37,90,5,29,16,43,78,40,47,79,28,29,60,12,98,14,18,77,79,10,45,9,4,46,28,23,21,40,38,95,99,79,21,26,76,21
64,75,55,71,2,69,10,34,84,55,3,32,35,86,75,99,63,52,74,25,67,16,38,71,42,27,58,66,83,65,43,1,15,42,71,69,35,57,4,8,52,50,35,32,88,4,20,9,69,42,92,55,46,31,15,1,89,24,48,17,68,13,37,54,2,6,91,63,45,4,25,39,62,17,27,67,81,15,61,58,51,88,15,39,44,51,17,2,8,16,38,77,54,12,52,1,63,88,21,64
52,54,78,72,7,51,7,30,84,25,97,39,55,73,69,63,10,8,64,77,71,28,46,65,28,31,72,64,12,100,84,49,11,58,32,94,54,60,65,25,48,63,63,8,99,23,70,76,68,17,97,1,59,57,88,86,26,40,89,62,86,28,60,94,24,56,26,11,85,66,54,61,13,16,51,62,23,72,2,63,72,3,32,33,75,78,16,32,15,72,80,94,75,92,95,74,2,75,31,69
13,33,48,37,67,72,7,92,58,40,40,42,61,95,53,98,15,64,4,67,86,19,53,26,89,21,11,41,21,78,16,74,31,85,79,42,21,57,6,46,47,61,52,2,65,50,55,75,36,89,78,73,74,77,56,2,20,20,56,29,48,77,35,7,68,16,56,37,91,78,8,2,90,82,57,92,87,33,26,70,24,24,77,9,25,51,49,28,33,10,25,94,40,93,22,61,82,27,27,46
83,93,9,55,57,31,46,51,79,21,52,7,78,70,84,86,15,62,65,54,27,4,56,71,91,64,32,36,60,98,11,54,99,68,19,82,50,48,74,47,95,58,85,64,38,15,11,24,50,92,95,62,100,91,59,1,19,45,25,31,92,76,44,9,43,99,62,51,43,18,86,70,17,98,13,21,90,68,32,42,81,42,30,28,75,6,39,41,56,57,78,32,77,2,69,67,34,37,70,9
84,83,94,36,24,71,88,58,48,79,74,95,67,7,47,4,9,68,32,91,3,8,34,74,46,72,93,46,2,15,53,99,8,82,3,45,17,35,99,89,60,68,11,49,74,26,35,32,18,44,68,38,83,37,54,85,87,62,27,51,7,2,26,81,17,53,83,33,28,93,76,47,23,29,5,6,26,11,23,14,58,42,64,90,29,67,78,23,18,53,28,65,47,4,47,84,18,78,17,100
33,53,5,95,90,92,35,6,78,48,56,80,66,30,33,45,68,84,11,67,56,3,22,77,42,54,90,84,28,72,56,51,27,8,78,77,53,82,71,27,17,40,97,5,92,91,89,17,12,14,72,30,28,31,86,78,45,24,57,53,49,85,44,51,55,54,55,90,71,33,18,77,63,66,82,71,81,56,73,32,98,24,73,68,7,41,15,69,56,22,52,92,89,54,26,9,28,86,54,4
16,13,65,45,47,71,44,27,90,48,99,66,58,20,59,33,56,77,9,55,20,62,15,40,56,8,60,40,67,29,17,5,37,58,42,1,72,80,75,13,97,4,16,56,50,54,12,5,58,51,14,6,84,61,51,86,39,88,80,2,92,91,4,39,59,72,3,71,68,29,83,34,50,81,21,16,35,13,65,72,89,88,72,50,62,1,68,37,67,67,27,65,28,74,84,70,68,67,21,75
86,10,74,12,61,14,14,79,96,72,54,98,29,16,64,16,81,6,91,9,93,28,57,7,80,16,50,89,21,61,15,12,65,11,49,100,30,29,58,24,61,9,74,35,19,86,87,56,38,80,9,71,53,49,74,94,84,74,3,12,49,68,8,12,82,82,84,13,78,71,4,17,47,83,72,68,15,26,93,22,77,9,67,47,38,68,58,20,55,46,62,19,72,70,30,35,45,28,16,59
32,68,10,87,32,67,66,54,14,13,65,14,78,30,2,88,41,9,26,3,28,47,33,71,6,69,83,82,69,47,7,48,10,72,25,8,60,22,95,26,78,100,100,3,48,53,72,68,36,60,12,90,1,25,86,2,21,32,74,14,49,5,34,66,48,88,97,100,40,94,2,59,11,31,69,7,79,58,55,74,89,67,35,56,82,47,82,13,88,50,42,86,14,55,12,76,90,22,76,96
27,72,79,4,14,38,54,94,63,96,34,52,53,26,4,36,58,55,50,96,23,18,66,40,47,34,82,83,11,57,44,17,3,32,38,17,85,26,10,8,59,27,47,65,8,85,17,99,10,69,37,73,76,88,12,19,90,82,41,77,28,50,21,27,92,63,84,95,3,84,72,25,9,8,17,3,89,1,45,39,33,25,75,34,6,96,61,66,9,47,32,98,35,33,39,14,29,54,92,40
87,99,93,23,93,51,73,54,75,74,99,54,48,22,6,40,28,33,39,74,52,82,80,84,78,85,15,87,45,92,49,46,32,69,85,52,91,22,92,68,70,5,47,55,92,24,89,90,99,47,97,59,86,54,44,70,46,46,72,21,10,69,75,53,87,2,41,79,96,46,93,10,91,62,85,85,84,47,65,3,73,12,78,19,89,39,74,32,3,78,31,33,53,58,22,73,56,64,22,52
81,97,57,14,96,40,14,42,20,62,89,14,13,53,7,92,61,25,27,90,26,2,82,25,71,95,61,34,13,42,1,62,96,88,89,78,78,56,49,53,83,74,62,42,52,12,8,15,43,72,37,96,23,74,29,98,17,68,65,51,67,4,50,4,53,23,51,63,48,41,56,41,40,14,48,76,39,30,23,66,47,61,68,12,9,27,75,8,66,37,47,26,34,90,51,3,30,5,17,80
27,41,46,31,99,97,90,97,45,57,11,65,85,33,8,40,92,3,27,90,2,52,69,97,68,76,80,7,52,9,27,12,91,1,25,36,22,53,34,69,22,36,96,81,26,65,71,9,77,29,94,37,45,41,87,58,27,29,65,24,13,26,7,97,53,6,66,96,89,99,83,83,3,81,71,10,20,26,5,64,74,97,19,59,84,21,62,65,18,72,83,57,70,90,53,41,95,94,80,40
90,19,80,26,23,12,46,60,30,23,63,41,16,29,97,48,58,18,70,80,98,92,29,91,78,3,75,27,26,77,35,9,73,43,70,30,64,31,86,50,26,77,29,16,41,11,67,36,75,3,10,10,89,73,7,57,53,74,96,67,11,32,40,94,68,52,70,12,87,28,36,17,47,98,30,21,52,52,22,72,57,75,31,37,70,64,25,85,49,16,45,74,86,31,92,86,76,77,62,17
13,39,29,74,37,57,11,95,44,89,88,70,77,8,9,90,99,96,6,54,90,75,53,32,46,75,1,10,16,38,2,2,66,34,27,16,72,84,3,29,60,79,94,76,96,29,69,86,87,50,13,49,10,71,62,95,78,74,52,65,45,17,26,53,69,90,78,88,87,30,31,21,86,91,23,9,28,51,87,81,42,12,32,8,61,36,15,11,59,50,96,63,92,27,95,83,58,40,78,57
86,89,100,64,72,47,41,77,68,52,59,70,5,89,46,69,2,34,79,35,96,78,56,77,23,34,20,68,43,49,71,9,62,79,45,91,1,8,22,53,17,3,26,49,66,10,99,71,81,20,49,17,50,30,35,69,39,71,2,85,56,46,76,63,19,58,88,77,38,44,68,10,87,19,91,87,11,7,12,69,7,18,100,34,52,14,49,35,32,20,45,3,88,67,96,34,44,64,56,60
83,60,99,98,3,16,87,12,26,42,77,31,77,14,96,66,47,50,30,29,85,37,49,76,94,81,39,95,56,30,85,42,22,78,10,28,61,41,49,93,67,81,79,43,77,29,7,17,53,97,93,26,23,9,27,34,5,21,83,88,97,92,88,85,48,63,24,69,38,44,6,78,51,93,63,3,19,49,97,28,51,33,79,60,25,22,39,22,36,19,7,30,78,31,50,66,82,57,30,83
46,63,54,34,60,53,96,29,88,78,75,84,36,67,51,78,51,38,84,48,39,97,15,60,63,17,44,66,31,62,43,45,71,66,30,35,95,91,90,76,74,92,31,69,12,92,63,20,26,77,14,1,12,62,58,35,99,18,63,95,58,5,87,88,62,15,81,72,62,48,33,99,49,14,24,26,13,82,41,66,52,9,71,51,71,61,5,10,98,68,20,13,75,64,58,40,63,36,60,100
13,97,90,43,35,32,3,22,54,70,13,78,46,1,22,81,72,67,49,1,9,36,35,15,74,64,90,42,74,85,82,86,19,40,97,5,9,88,73,50,15,96,28,100,27,52,49,94,89,62,15,77,46,47,14,94,53,54,61,81,8,29,22,6,93,75,76,61,67,19,89,45,24,5,60,62,25,66,19,77,52,77,84,79,55,45,4,26,12,90,56,15,71,57,100,45,37,22,17,35
9,24,24,49,45,79,95,42,92,100,64,99,5,90,100,32,70,47,24,43,74,88,87,5,84,15,94,25,35,64,99,25,90,24,42,21,23,23,87,90,43,94,15,99,82,27,31,27,85,39,34,77,4,96,14,31,85,71,71,8,37,82,45,8,17,29,99,14,30,50,42,14,98,68,14,47,57,20,57,30,51,52,37,83,89,49,64,21,90,61,95,74,60,10,57,61,6,100,38,1
18,32,48,91,15,7,93,51,47,60,91,62,30,50,97,1,100,90,23,72,69,74,25,87,60,83,61,36,5,50,44,85,6,13,93,53,93,24,41,92,22,89,99,100,76,35,15,5,3,92,46,2,24,34,94,4,90,1,54,31,2,90,3,20,87,87,12,57,11,88,51,25,15,13,6,74,73,96,42,82,43,17,83,90,14,89,31,62,85,26,62,47,68,39,62,99,75,71,91,7
73,29,91,58,18,63,62,85,38,16,34,37,75,94,68,92,27,26,32,42,44,43,19,60,40,18,73,70,41,93,97,38,33,21,63,24,21,94,10,46,29,84,7,52,43,50,96,65,7,54,1,13,50,70,34,57,69,20,7,11,47,80,78,55,28,81,72,35,3,19,36,87,13,22,21,20,76,96,79,8,66,59,77,57,87,2,19,90,13,59,82,54,30,57,16,8,100,53,42,47
49,92,67,43,59,64,50,78,70,14,50,16,93,2,8,10,56,69,100,61,15,52,53,8,62,18,90,49,33,35,44,2,86,63,71,60,31,66,3,33,69,92,75,67,69,80,97,39,69,75,41,9,35,47,20,66,52,74,56,71,96,3,41,55,58,49,67,68,15,1,99,7,31,66,23,55,15,91,8,91,73,22,65,4,99,58,77,72,16,48,57,29,55,6,31,36,59,42,84,99
51,81,44,46,42,9,45,59,76,18,23,98,76,70,22,87,6,54,19,60,31,34,39,25,68,16,37,83,36,3,21,75,13,60,56,82,68,29,52,34,77,57,31,82,69,26,88,71,27,41,19,8,60,26,8,74,45,100,7,46,98,8,63,27,13,98,18,34,34,22,47,7,88,33,65,46,13,39,3,100,67,16,4,96,37,7,62,87,76,87,54,85,93,48,73,21,21,21,98,4
92,98,86,96,31,85,40,52,91,7,77,71,15,78,5,96,26,5,86,98,69,12,85,85,2,44,21,33,6,5,21,17,76,97,39,39,22,12,51,26,36,89,69,23,19,62,76,7,3,35,88,60,24,48,92,96,39,20,76,35,15,93,98,21,52,53,36,33,4,55,95,27,28,51,22,98,17,65,85,42,50,60,100,90,20,30,72,84,18,68,1,16,71,3,57,41,77,81,57,37
22,18,40,59,46,87,16,30,7,38,41,77,35,66,51,87,54,68,85,28,51,79,71,8,74,89,54,10,75,80,76,2,48,52,46,79,46,71,79,24,60,22,65,68,2,100,38,94,60,75,55,50,90,62,96,31,4,24,4,81,28,52,38,74,9,22,39,22,74,53,11,45,61,54,67,33,44,83,13,27,10,30,78,16,49,49,60,2,60,61,29,3,78,44,15,37,100,41,69,18
14,81,47,40,41,76,88,70,79,73,97,18,90,56,96,68,49,30,53,5,74,48,69,82,6,50,93,84,8,98,95,59,31,95,91,72,52,58,82,36,18,79,12,52,3,2,62,26,4,81,87,50,57,45,36,76,22,34,96,6,98,5,70,41,38,20,59,38,45,76,32,68,27,46,67,21,30,42,96,26,81,49,33,67,44,18,73,34,46,89,66,60,58,25,56,79,33,11,55,87
45,37,45,56,90,94,49,63,17,39,62,25,15,52,58,56,31,11,67,88,65,15,31,89,25,57,21,43,30,75,87,80,61,24,68,100,43,13,74,29,25,42,44,25,11,46,72,68,11,40,6,65,84,9,10,29,9,14,38,19,78,80,46,52,68,2,20,45,41,65,40,27,92,52,31,57,55,72,62,35,40,21,5,6,16,50,91,6,79,81,88,65,97,82,63,55,75,88,75,64
23,57,33,99,43,65,86,78,84,4,36,91,86,41,44,46,15,47,37,89,7,49,2,38,73,9,99,26,42,28,41,69,22,56,12,3,50,17,78,99,6,64,29,44,85,53,6,26,37,78,52,85,17,98,90,91,80,34,100,28,61,73,45,72,3,35,18,47,10,69,84,70,61,58,57,49,93,84,27,79,38,10,47,87,93,63,13,68,77,60,72,49,4,44,69,71,76,62,65,89
